dependencies:
- ucrt=10.0.20348.0=h57928b3_0
- ca-certificates=2021.10.8=h5b45459_0
- intel-openmp=2022.0.0=h57928b3_3663
- vs2015_runtime=14.29.30037=h902a5da_6
- vc=14.2=hb210afc_6
- snappy=1.1.8=ha925a31_3
- libbrotlicommon=1.0.9=h8ffe710_6
- aws-c-common=0.6.2=h8ffe710_0
- gflags=2.2.2=ha925a31_1004
- tbb=2021.5.0=h2d74725_0
- libffi=3.4.2=h8ffe710_5
- bzip2=1.0.8=h8ffe710_4
- xz=5.2.5=h62dcd97_1
- lz4-c=1.9.3=h8ffe710_1
- libzlib=1.2.11=h8ffe710_1014
- libcrc32c=1.1.2=h0e60522_0
- abseil-cpp=20210324.2=h0e60522_0
- re2=2022.02.01=h0e60522_0
- libutf8proc=2.7.0=hcb41399_0
- c-ares=1.18.1=h8ffe710_0
- tk=8.6.12=h8ffe710_0
- sqlite=3.37.1=h8ffe710_0
- openssl=1.1.1n=h8ffe710_0
- libbrotlidec=1.0.9=h8ffe710_6
- libbrotlienc=1.0.9=h8ffe710_6
- aws-checksums=0.1.11=h1e232aa_7
- glog=0.5.0=h4797de2_0
- mkl=2022.0.0=h0e2418a_796
- zlib=1.2.11=h8ffe710_1014
- zstd=1.5.2=h6255e5f_0
- aws-c-cal=0.5.11=he19cf47_0
- libthrift=0.15.0=h636ae23_1
- krb5=1.19.3=h1176d77_0
- libblas=3.9.0=13_win64_mkl
- libssh2=1.10.0=h680486a_2
- libprotobuf=3.19.4=h7755175_0
- aws-c-io=0.10.5=h2fe331c_0
- libcblas=3.9.0=13_win64_mkl
- liblapack=3.9.0=13_win64_mkl
- libcurl=7.82.0=h789b8ee_0
- grpc-cpp=1.43.2=he33f7c1_1
- aws-c-event-stream=0.2.7=h70e1b0c_13
- libgoogle-cloud=1.35.0=h7f3f1e6_2
- aws-sdk-cpp=1.8.186=hb0612c5_3
- tzdata=2022a=h191b570_0
- python=3.9.12=h9a09f29_1_cpython
- python_abi=3.9=2_cp39
- setuptools=61.2.0=py39hcbf5309_3
- wheel=0.37.1=pyhd8ed1ab_0
- pip=22.0.4=pyhd8ed1ab_0
- six=1.16.0=pyh6c4a22f_0
- parso=0.8.3=pyhd8ed1ab_0
- pytz=2022.1=pyhd8ed1ab_0
- py4j=0.10.9.5=pyhd8ed1ab_0
- python-dateutil=2.8.2=pyhd8ed1ab_0
- numpy=1.22.3=py39h6331f09_0
- jedi=0.18.1=py39hcbf5309_0
- arrow-cpp=7.0.0=py39hd8ba4b1_2_cpu
- pandas=1.4.1=py39h2e25243_0
- parquet-cpp=1.5.1=2
- pyarrow=7.0.0=py39ha05331a_2_cpu
